mtllib materials.mtl
v 0.05404815 -0.3156515 -0.01819214
v 0.0533253 -0.3158799 -0.008220911
v 0.04351652 0.3638869 0.006641179
v 0.04423937 0.3641153 -0.003330022
v 0.01415697 -0.3161637 -0.02109572
v 0.004348189 0.3636032 -0.006233603
v 0.003625333 0.3633748 0.003737599
v 0.01343411 -0.3163921 -0.01112452
v 0.02111873 0.33536 -0.04352415
v 0.02813503 0.3354421 -0.04264951
v 0.02351117 0.3345626 -0.005474448
v 0.0164949 0.3344806 -0.006349087
v 0.02823702 0.3283735 -0.04280406
v 0.02361318 0.327494 -0.005629003
v 0.02122074 0.3282915 -0.04367867
v 0.01659691 0.3274119 -0.006503642
v 0.0246419 0.3286068 -0.0558455
v 0.01906362 0.3284314 -0.0515036
v 0.02453989 0.3356754 -0.05569097
v 0.01896161 0.3354999 -0.05134901
v 0.01052475 0.3285784 -0.06386492
v 0.009652197 0.3284125 -0.05684987
v 0.01042274 0.335647 -0.06371036
v 0.009550214 0.335481 -0.05669522
v -0.1022461 0.3272588 -0.07792264
v -0.1031187 0.3270927 -0.07090759
v -0.1023481 0.3343273 -0.07776809
v -0.1032207 0.3341613 -0.07075295
v -0.1126799 0.3270454 -0.07505023
v -0.1083355 0.326986 -0.06947136
v -0.1127819 0.3341139 -0.07489568
v -0.1084375 0.3340546 -0.06931677
v -0.1233679 0.3264797 -0.0562332
v -0.1163515 0.3265619 -0.05535862
v -0.1234699 0.3335484 -0.05607867
v -0.1164535 0.3336304 -0.05520406
v -0.1287102 0.3254636 -0.0132798
v -0.1216938 0.3255457 -0.01240525
v -0.1288121 0.3325322 -0.0131253
v -0.1217957 0.3326144 -0.01225069
v 0.02319533 0.1655698 -0.04260397
v 0.03023982 0.165625 -0.04199389
v 0.02703381 0.1630957 -0.004745245
v 0.01998931 0.1630405 -0.005355328
v 0.03033587 0.1585703 -0.04246467
v 0.02712989 0.156041 -0.005216032
v 0.02329138 0.1585152 -0.04307473
v 0.02008539 0.1559858 -0.005826116
v 0.02624711 0.1593737 -0.05533695
v 0.02083811 0.1589971 -0.05079815
v 0.02615106 0.1664284 -0.05486616
v 0.02074203 0.1660518 -0.05032733
v 0.01183507 0.159676 -0.06280735
v 0.01123005 0.1591987 -0.05577841
v 0.01173899 0.1667307 -0.06233656
v 0.01113403 0.1662534 -0.05530754
v -0.101389 0.1587889 -0.07261288
v -0.101994 0.1583115 -0.06558391
v -0.1014851 0.1658435 -0.07214206
v -0.1020901 0.1653662 -0.06511304
v -0.1117059 0.1584311 -0.06935814
v -0.1071524 0.1581327 -0.06395656
v -0.111802 0.1654858 -0.06888735
v -0.1072485 0.1651874 -0.06348574
v -0.1216702 0.1570165 -0.05019188
v -0.1146257 0.1570717 -0.04958189
v -0.1217662 0.1640711 -0.04972112
v -0.1147217 0.1641263 -0.0491111
v -0.1253743 0.154094 -0.007153481
v -0.1183297 0.1541492 -0.006543487
v -0.1254703 0.1611487 -0.006682724
v -0.1184257 0.1612039 -0.0060727
v 0.02193475 0.278811 -0.04476047
v 0.02895105 0.2788932 -0.04388586
v 0.02432719 0.2780136 -0.006710798
v 0.01731092 0.2779316 -0.007585436
v 0.02905303 0.2718245 -0.04404041
v 0.0244292 0.270945 -0.006865352
v 0.02203676 0.2717425 -0.04491502
v 0.01741293 0.270863 -0.007739991
v 0.02545792 0.2720578 -0.05708185
v 0.01987964 0.2718825 -0.05273992
v 0.02535591 0.2791265 -0.05692732
v 0.01977763 0.278951 -0.05258536
v 0.01134077 0.2720295 -0.06510127
v 0.01046821 0.2718635 -0.05808619
v 0.01123875 0.2790981 -0.06494668
v 0.01036623 0.2789322 -0.05793154
v -0.1014301 0.2707097 -0.07915899
v -0.1023026 0.2705438 -0.07214391
v -0.1015321 0.2777783 -0.07900441
v -0.1024046 0.2776124 -0.07198927
v -0.1118638 0.2704964 -0.07628655
v -0.1075195 0.2704371 -0.07070768
v -0.1119658 0.2775649 -0.076132
v -0.1076215 0.2775057 -0.07055312
v -0.1225519 0.2699308 -0.05746952
v -0.1155355 0.2700129 -0.05659497
v -0.1226538 0.2769993 -0.05731499
v -0.1156375 0.2770814 -0.05644041
v -0.1278942 0.2689146 -0.01451614
v -0.1208778 0.2689968 -0.01364157
v -0.1279961 0.2759833 -0.01436162
v -0.1209797 0.2760654 -0.01348701
v 0.02242681 0.2220076 -0.03883773
v 0.02947131 0.2220628 -0.03822768
v 0.02626529 0.2195334 -0.0009790063
v 0.0192208 0.2194782 -0.00158909
v 0.02956736 0.2150081 -0.03869843
v 0.02636138 0.2124787 -0.001449794
v 0.02252287 0.2149529 -0.03930849
v 0.01931688 0.2124235 -0.002059877
v 0.0254786 0.2158114 -0.05157071
v 0.0200696 0.2154348 -0.04703191
v 0.02538255 0.2228661 -0.05109996
v 0.01997352 0.2224895 -0.04656109
v 0.01106653 0.2161137 -0.05904114
v 0.01046154 0.2156364 -0.05201218
v 0.01097047 0.2231684 -0.05857033
v 0.01036552 0.2226911 -0.0515413
v -0.1021576 0.2152266 -0.06884664
v -0.1027626 0.2147493 -0.06181768
v -0.1022536 0.2222813 -0.06837583
v -0.1028586 0.221804 -0.0613468
v -0.1124744 0.2148688 -0.0655919
v -0.107921 0.2145705 -0.06019032
v -0.1125705 0.2219235 -0.06512111
v -0.108017 0.2216251 -0.0597195
v -0.1224387 0.2134542 -0.04642564
v -0.1153942 0.2135094 -0.04581565
v -0.1225348 0.2205089 -0.04595488
v -0.1154902 0.2205641 -0.04534486
v -0.1252882 0.211206 -0.01331687
v -0.1182437 0.2112612 -0.01270685
v -0.1253842 0.2182606 -0.01284611
v -0.1183397 0.2183159 -0.01223606
v 0.02236858 0.1109872 -0.03947982
v 0.02936813 0.1109417 -0.03847763
v 0.02405334 0.110195 -0.001392126
v 0.01705381 0.1102406 -0.002394319
v 0.02934295 0.1038722 -0.03862357
v 0.02402815 0.1031255 -0.001538098
v 0.0223434 0.1039178 -0.03962576
v 0.01702863 0.1031712 -0.00254029
v 0.02599058 0.1041546 -0.05172855
v 0.02033195 0.1040873 -0.04748878
v 0.02601576 0.1112241 -0.0515826
v 0.02035713 0.1111568 -0.04734281
v 0.01202351 0.1043753 -0.06000373
v 0.01102057 0.1042344 -0.05300558
v 0.01204869 0.1114448 -0.05985779
v 0.01104578 0.1113039 -0.05285954
v -0.1004781 0.1051088 -0.07611185
v -0.1014811 0.1049679 -0.06911367
v -0.1004529 0.1121783 -0.07596588
v -0.1014559 0.1120374 -0.06896764
v -0.1109646 0.1050908 -0.07342973
v -0.1067243 0.104959 -0.06777263
v -0.1109394 0.1121603 -0.07328379
v -0.106699 0.1120284 -0.06762663
v -0.1220017 0.1047457 -0.05480996
v -0.1150021 0.1047001 -0.05380782
v -0.1219765 0.1118152 -0.05466405
v -0.1149769 0.1117696 -0.05366188
v -0.1281424 0.1038831 -0.01196006
v -0.1211427 0.1038375 -0.01095793
v -0.1281171 0.1109526 -0.01181412
v -0.1211175 0.110907 -0.01081195
v 0.02216715 0.05443126 -0.04064733
v 0.0291667 0.0543856 -0.03964514
v 0.0238519 0.05363899 -0.002559632
v 0.01685238 0.05368459 -0.003561825
v 0.02914152 0.04731613 -0.03979108
v 0.02382672 0.04656947 -0.002705604
v 0.02214196 0.04736179 -0.04079327
v 0.0168272 0.04661506 -0.003707796
v 0.02578914 0.04759866 -0.05289605
v 0.02013052 0.04753125 -0.04865628
v 0.02581432 0.05466813 -0.05275011
v 0.0201557 0.05460072 -0.04851031
v 0.0118221 0.0478192 -0.06117123
v 0.01081917 0.04767835 -0.05417308
v 0.01184726 0.05488867 -0.06102526
v 0.01084435 0.05474782 -0.05402702
v -0.1006795 0.04855275 -0.07727936
v -0.1016825 0.04841191 -0.07028118
v -0.1006544 0.05562222 -0.07713339
v -0.1016573 0.05548137 -0.07013515
v -0.111166 0.04853475 -0.07459724
v -0.1069257 0.04840291 -0.0689401
v -0.1111408 0.05560422 -0.0744513
v -0.1069005 0.05547231 -0.06879413
v -0.1222032 0.0481897 -0.05597746
v -0.1152036 0.04814404 -0.05497533
v -0.1221779 0.05525917 -0.05583155
v -0.1151783 0.05521351 -0.05482939
v -0.1283438 0.0473271 -0.01312757
v -0.1213442 0.04728144 -0.01212543
v -0.1283186 0.05439657 -0.01298165
v -0.1213189 0.05435091 -0.01197949
v 0.02150688 -0.00236398 -0.0346626
v 0.02853894 -0.002437413 -0.0339244
v 0.02565688 -0.004214108 -0.006647736
v 0.01862481 -0.004140735 -0.007385939
v 0.02851385 -0.009493232 -0.03438666
v 0.02563179 -0.01127005 -0.00711
v 0.02148178 -0.009419858 -0.03512487
v 0.01859972 -0.01119667 -0.007848203
v 0.0246754 -0.008631468 -0.04733202
v 0.01917869 -0.008902788 -0.04289213
v 0.02470052 -0.001575649 -0.04686978
v 0.01920381 -0.001846969 -0.04242983
v 0.01040962 -0.008074164 -0.05506396
v 0.009668171 -0.008531272 -0.04804674
v 0.01043475 -0.001018345 -0.0546017
v 0.009693325 -0.001475394 -0.04758438
v -0.1026145 -0.00689435 -0.06692922
v -0.1033559 -0.007351458 -0.059912
v -0.1025894 0.000161469 -0.06646693
v -0.1033308 -0.0002955794 -0.05944964
v -0.1129937 -0.007058322 -0.06386262
v -0.1085455 -0.007433414 -0.0583787
v -0.1129686 -2.503395E-06 -0.06340036
v -0.1085204 -0.0003775954 -0.0579164
v -0.1233294 -0.008265197 -0.04487967
v -0.1162973 -0.008338571 -0.04414153
v -0.1233042 -0.001209319 -0.04441744
v -0.1162721 -0.001282752 -0.04367927
v -0.126822 -0.01041836 -0.01182294
v -0.1197898 -0.01049173 -0.01108479
v -0.1267968 -0.003362536 -0.0113607
v -0.1197647 -0.00343591 -0.01062253
v 0.02130604 -0.05881107 -0.03836063
v 0.02833807 -0.0588845 -0.03762242
v 0.02545601 -0.06066114 -0.01034576
v 0.01842394 -0.06058776 -0.01108396
v 0.02831298 -0.06594032 -0.03808469
v 0.02543092 -0.06771708 -0.01080802
v 0.02128091 -0.06586695 -0.03882289
v 0.01839885 -0.0676437 -0.01154622
v 0.02447453 -0.06507856 -0.05103004
v 0.01897785 -0.06534988 -0.04659015
v 0.02449965 -0.05802274 -0.05056781
v 0.01900294 -0.05829406 -0.04612786
v 0.01020879 -0.06452125 -0.05876198
v 0.009467334 -0.06497836 -0.05174476
v 0.01023388 -0.05746543 -0.05829972
v 0.009492457 -0.05792248 -0.05128241
v -0.1028154 -0.06334144 -0.07062724
v -0.1035568 -0.06379855 -0.06361002
v -0.1027902 -0.05628562 -0.07016498
v -0.1035317 -0.05674273 -0.06314769
v -0.1131946 -0.06350541 -0.06756064
v -0.1087464 -0.0638805 -0.06207672
v -0.1131694 -0.05644959 -0.06709838
v -0.1087212 -0.05682468 -0.06161442
v -0.1235302 -0.06471229 -0.04857773
v -0.1164981 -0.06478566 -0.04783955
v -0.1235051 -0.05765641 -0.04811549
v -0.116473 -0.05772984 -0.04737729
v -0.1270228 -0.06686538 -0.01552096
v -0.1199907 -0.06693876 -0.01478282
v -0.1269977 -0.05980957 -0.01505873
v -0.1199655 -0.05988294 -0.01432055
v 0.02238595 -0.2738239 -0.04232523
v 0.02943099 -0.273875 -0.04172087
v 0.02707472 -0.2754874 -0.01439044
v 0.02002972 -0.2754363 -0.01499477
v 0.02941558 -0.2809337 -0.04213864
v 0.02705935 -0.2825462 -0.01480821
v 0.02237058 -0.2808825 -0.042743
v 0.02001435 -0.282495 -0.01541257
v 0.02532881 -0.2801628 -0.05501354
v 0.01991847 -0.28042 -0.05046797
v 0.02534422 -0.2731041 -0.05459577
v 0.01993388 -0.2733613 -0.05005017
v 0.01091683 -0.2796897 -0.0624752
v 0.01031047 -0.2801046 -0.05544239
v 0.01093221 -0.272631 -0.06205741
v 0.01032591 -0.273046 -0.05502453
v -0.1023157 -0.2788675 -0.07218888
v -0.102922 -0.2792825 -0.06515607
v -0.1023003 -0.2718089 -0.07177109
v -0.1029066 -0.2722238 -0.06473821
v -0.1126341 -0.2790383 -0.06892383
v -0.1080812 -0.2793678 -0.06352353
v -0.1126187 -0.2719796 -0.06850606
v -0.1080658 -0.2723091 -0.06310576
v -0.1226028 -0.2801519 -0.04973999
v -0.1155577 -0.280203 -0.04913571
v -0.1225874 -0.2730932 -0.04932225
v -0.1155423 -0.2731444 -0.04871795
v -0.1254583 -0.282106 -0.01661664
v -0.1184132 -0.2821571 -0.01601237
v -0.1254429 -0.2750474 -0.01619887
v -0.1183977 -0.2750985 -0.01559457
v 0.01787233 -0.2218288 -0.04469565
v 0.02489942 -0.2216933 -0.04391998
v 0.02193338 -0.2238542 -0.0166721
v 0.01490629 -0.2239897 -0.01744777
v 0.02509463 -0.2287411 -0.0444577
v 0.02212858 -0.2309021 -0.01720983
v 0.01806754 -0.2288766 -0.04523337
v 0.01510149 -0.2310376 -0.01798549
v 0.02129763 -0.2278578 -0.05741385
v 0.01578933 -0.2283466 -0.05300707
v 0.02110243 -0.22081 -0.05687612
v 0.01559409 -0.2212988 -0.05246934
v 0.007061183 -0.2276568 -0.06521693
v 0.006298333 -0.2282126 -0.05820912
v 0.006865948 -0.2206089 -0.06467921
v 0.006103128 -0.2211648 -0.05767134
v -0.1058833 -0.2298338 -0.07768404
v -0.1066462 -0.2303895 -0.07067624
v -0.1060785 -0.2227859 -0.07714632
v -0.1068414 -0.2233417 -0.07013845
v -0.1162681 -0.2303509 -0.07467592
v -0.1118385 -0.2306481 -0.06917217
v -0.1164633 -0.2233031 -0.07413819
v -0.1120337 -0.2236003 -0.06863445
v -0.1266584 -0.2320816 -0.05576348
v -0.1196313 -0.2319461 -0.05498791
v -0.1268536 -0.2250338 -0.05522582
v -0.1198264 -0.2248983 -0.05445018
v -0.1302527 -0.2347003 -0.02274331
v -0.1232255 -0.2345648 -0.02196768
v -0.1304478 -0.2276524 -0.02220562
v -0.1234206 -0.2275169 -0.02143002
v 0.02204871 -0.1611831 -0.03538677
v 0.02906618 -0.1612049 -0.03451806
v 0.02568862 -0.1615916 -0.007243961
v 0.01867113 -0.1615698 -0.008112729
v 0.02905679 -0.1682751 -0.03461948
v 0.0256792 -0.1686619 -0.007345408
v 0.02203929 -0.1682534 -0.03548822
v 0.01866171 -0.1686401 -0.008214146
v 0.02545443 -0.1680833 -0.04765964
v 0.01987788 -0.1681382 -0.04331234
v 0.02546385 -0.1610129 -0.04755819
v 0.01988727 -0.1610679 -0.04321086
v 0.01133165 -0.1679496 -0.05566803
v 0.01046267 -0.1680491 -0.04865125
v 0.01134104 -0.1608793 -0.05556655
v 0.01047209 -0.1609788 -0.04854971
v -0.1014582 -0.167599 -0.06963089
v -0.1023271 -0.1676984 -0.06261411
v -0.1014488 -0.1605287 -0.06952941
v -0.1023177 -0.1606282 -0.06251258
v -0.1118915 -0.1676264 -0.0667491
v -0.1075438 -0.1677122 -0.0611732
v -0.1118821 -0.1605561 -0.06664765
v -0.1075343 -0.1606419 -0.06107175
v -0.1225708 -0.1678823 -0.04792035
v -0.1155532 -0.1679041 -0.04705167
v -0.1225613 -0.1608121 -0.04781893
v -0.1155438 -0.1608338 -0.04695022
v -0.126664 -0.1683511 -0.01486656
v -0.1196464 -0.1683728 -0.01399791
v -0.1266545 -0.1612808 -0.01476517
v -0.1196369 -0.1613025 -0.01389647
v 0.02212399 -0.1046203 -0.03457534
v 0.02914146 -0.1046422 -0.03370664
v 0.0257639 -0.1050289 -0.006432533
v 0.01874641 -0.1050071 -0.007301271
v 0.02913207 -0.1117124 -0.03380805
v 0.02575448 -0.1120992 -0.00653398
v 0.02211457 -0.1116906 -0.03467679
v 0.01873699 -0.1120774 -0.007402718
v 0.02552971 -0.1115205 -0.04684821
v 0.01995316 -0.1115755 -0.04250091
v 0.02553913 -0.1044502 -0.04674676
v 0.01996255 -0.1045052 -0.04239944
v 0.01140693 -0.1113868 -0.0548566
v 0.01053795 -0.1114864 -0.04783982
v 0.01141632 -0.1043166 -0.05475512
v 0.01054737 -0.1044161 -0.04773828
v -0.1013829 -0.1110362 -0.06881946
v -0.1022519 -0.1111357 -0.06180269
v -0.1013735 -0.1039659 -0.06871799
v -0.1022424 -0.1040654 -0.06170115
v -0.1118162 -0.1110637 -0.0659377
v -0.1074685 -0.1111494 -0.0603618
v -0.1118068 -0.1039934 -0.06583625
v -0.107459 -0.1040792 -0.06026033
v -0.1224955 -0.1113196 -0.04710892
v -0.1154779 -0.1113414 -0.04624027
v -0.122486 -0.1042493 -0.0470075
v -0.1154685 -0.1042711 -0.04613882
v -0.1278045 -0.1112049 -0.013179
v -0.1207754 -0.1114163 -0.01243871
v -0.1276188 -0.1041409 -0.0129236
v -0.1205898 -0.1043523 -0.01218328
v -0.09597725 -0.3126878 -0.02398562
v -0.0967001 -0.3129162 -0.01401439
v -0.1065089 0.3668507 0.0008476377
v -0.105786 0.3670791 -0.009123594
v -0.1358684 -0.3132 -0.0268892
v -0.1456772 0.366567 -0.01202717
v -0.1464001 0.3663384 -0.002055943
v -0.1365913 -0.3134284 -0.016918
vn 0.9972797 0.01280331 0.07258977
vn -0.9972797 -0.0128033 -0.07258977
vn 0.01442665 -0.999657 -0.02185575
vn -0.01442481 0.9996571 0.02185622
vn 0.07228494 0.02284367 -0.9971224
vn -0.07228502 -0.02284368 0.9971224
vn -0.01442517 0.9996571 0.02185542
vn 0.9922528 0.0116141 0.1236914
vn 0.01442528 -0.9996571 -0.0218567
vn -0.9922528 -0.01161406 -0.1236912
vn 0.1233933 0.02347106 -0.9920802
vn -0.1233941 -0.02347088 0.9920802
vn 0.01442503 -0.999657 -0.02185608
vn 0.9639431 0.019712 -0.2653775
vn -0.01442525 0.999657 0.02185607
vn -0.9639425 -0.01971263 0.2653795
vn -0.6143731 0.008385632 -0.7889711
vn 0.01442512 -0.999657 -0.0218561
vn 0.4937215 0.02613077 -0.8692274
vn -0.01442504 0.999657 0.0218561
vn -0.4937198 -0.02613549 0.8692282
vn -0.9922529 -0.01161149 -0.1236912
vn 0.014423 -0.9996572 -0.0218561
vn 0.123395 0.02347545 -0.99208
vn -0.0144231 0.9996572 0.0218562
vn -0.1233951 -0.02348364 0.9920798
vn -0.9922528 -0.01161195 -0.1236912
vn 0.01442481 -0.9996572 -0.02185567
vn -0.265715 0.01724233 -0.9638974
vn -0.01442449 0.9996572 0.02185576
vn 0.2657128 -0.01724946 0.9638979
vn -0.7888796 -0.02480572 0.614047
vn 0.01442524 -0.9996571 -0.02185603
vn -0.8695014 -0.001743962 -0.4939275
vn -0.01442482 0.999657 0.0218564
vn 0.8695017 0.001739467 0.493927
vn -0.1233869 -0.02346857 0.9920812
vn 0.01442496 -0.9996572 -0.02185347
vn -0.9922537 -0.0116078 -0.1236851
vn -0.01442396 0.9996572 0.02185359
vn 0.9922537 0.01160519 0.1236849
vn -0.1233864 -0.02346846 0.9920812
vn -0.01358538 0.9976887 0.06657892
vn 0.9962406 0.007808203 0.08627687
vn 0.01358545 -0.9976886 -0.0665802
vn -0.9962406 -0.007808175 -0.08627664
vn 0.08555587 0.06750149 -0.9940441
vn -0.0855566 -0.0675013 0.9940441
vn 0.01358522 -0.9976887 -0.06657957
vn 0.9531475 0.03304556 -0.3006956
vn -0.01358544 0.9976887 0.06657957
vn -0.9531469 -0.03304627 0.3006975
vn -0.6439482 0.04221108 -0.7639038
vn 0.01358531 -0.9976887 -0.0665796
vn 0.4602903 0.0653531 -0.8853597
vn -0.01358523 0.9976887 0.06657959
vn -0.4602886 -0.06535785 0.8853603
vn -0.9962407 -0.007805605 -0.08627655
vn 0.01358319 -0.9976887 -0.06657952
vn 0.08555757 0.06750586 -0.9940437
vn -0.01358328 0.9976887 0.06657962
vn -0.08555769 -0.06751402 0.9940431
vn -0.9962407 -0.00780607 -0.08627655
vn 0.01358502 -0.9976887 -0.06657916
vn -0.3021984 0.0593776 -0.951394
vn -0.01358469 0.9976887 0.06657923
vn 0.3021962 -0.05938474 0.9513942
vn -0.7649441 -0.0532489 0.6418918
vn 0.01358543 -0.9976887 -0.06657953
vn -0.8876655 0.01862188 -0.4601123
vn -0.013585 0.9976887 0.06657989
vn 0.8876657 -0.01862635 0.4601116
vn -0.08554941 -0.06749902 0.9940449
vn 0.01358525 -0.9976888 -0.06657697
vn -0.9962412 -0.007802188 -0.08627025
vn -0.01358425 0.9976888 0.06657705
vn 0.9962413 0.007799592 0.08626994
vn -0.08554886 -0.06749891 0.994045
vn -0.01442524 0.9996571 0.0218555
vn 0.9922528 0.01161426 0.1236913
vn 0.01442536 -0.999657 -0.02185678
vn -0.9922528 -0.01161422 -0.1236911
vn 0.1233934 0.02347122 -0.9920803
vn -0.1233941 -0.02347103 0.9920802
vn 0.01442511 -0.9996571 -0.02185616
vn 0.9639431 0.01971221 -0.2653776
vn -0.01442532 0.9996571 0.02185615
vn -0.9639425 -0.01971283 0.2653795
vn -0.6143732 0.008385627 -0.7889711
vn 0.0144252 -0.9996571 -0.02185618
vn 0.4937215 0.02613097 -0.8692274
vn -0.01442511 0.9996571 0.02185617
vn -0.4937198 -0.02613569 0.8692282
vn -0.9922528 -0.01161165 -0.1236911
vn 0.01442307 -0.9996571 -0.02185618
vn 0.123395 0.0234756 -0.9920799
vn -0.01442317 0.9996571 0.02185627
vn -0.1233952 -0.02348379 0.9920797
vn -0.9922528 -0.01161211 -0.1236911
vn 0.01442489 -0.9996571 -0.02185575
vn -0.265715 0.01724242 -0.9638975
vn -0.01442456 0.9996571 0.02185584
vn 0.2657128 -0.01724954 0.9638979
vn -0.7888796 -0.02480594 0.6140471
vn 0.01442532 -0.9996571 -0.02185611
vn -0.8695014 -0.001744051 -0.4939274
vn -0.0144249 0.999657 0.02185648
vn 0.8695018 0.001739556 0.4939269
vn -0.1233869 -0.02346872 0.9920811
vn 0.01442504 -0.9996572 -0.02185355
vn -0.9922537 -0.01160796 -0.123685
vn -0.01442404 0.9996572 0.02185367
vn 0.9922537 0.01160535 0.1236848
vn -0.1233864 -0.02346861 0.9920812
vn -0.01358544 0.9976887 0.06657869
vn 0.9962406 0.007808266 0.08627683
vn 0.0135855 -0.9976887 -0.06657997
vn -0.9962406 -0.007808239 -0.08627661
vn 0.08555575 0.06750124 -0.9940442
vn -0.08555648 -0.06750105 0.9940442
vn 0.01358528 -0.9976887 -0.06657934
vn 0.9531475 0.03304553 -0.3006957
vn -0.01358549 0.9976887 0.06657935
vn -0.9531469 -0.03304623 0.3006975
vn -0.6439483 0.04221086 -0.7639038
vn 0.01358537 -0.9976887 -0.06657936
vn 0.4602902 0.06535289 -0.8853598
vn -0.01358528 0.9976887 0.06657936
vn -0.4602885 -0.06535765 0.8853604
vn -0.9962407 -0.007805668 -0.08627652
vn 0.01358325 -0.9976887 -0.06657929
vn 0.08555745 0.06750561 -0.9940438
vn -0.01358334 0.9976887 0.06657939
vn -0.08555757 -0.06751378 0.9940432
vn -0.9962407 -0.007806133 -0.08627652
vn 0.01358508 -0.9976887 -0.06657893
vn -0.3021984 0.05937735 -0.951394
vn -0.01358474 0.9976887 0.066579
vn 0.3021963 -0.0593845 0.9513943
vn -0.764944 -0.05324877 0.6418919
vn 0.01358549 -0.9976887 -0.0665793
vn -0.8876655 0.01862173 -0.4601123
vn -0.01358505 0.9976887 0.06657965
vn 0.8876657 -0.0186262 0.4601116
vn -0.08554928 -0.06749877 0.9940449
vn 0.01358099 -0.9976889 -0.06657721
vn -0.9962412 -0.007803845 -0.08627103
vn -0.01358966 0.9976888 0.06657661
vn 0.9962412 0.007800203 0.08627053
vn -0.08555092 -0.06749888 0.9940448
vn 0.003561585 0.9997807 0.02063889
vn 0.989884 -0.006452177 0.1417324
vn -0.003561445 -0.9997807 -0.02064016
vn -0.989884 0.006452214 -0.1417322
vn 0.1418326 0.01992602 -0.9896901
vn -0.1418334 -0.01992583 0.9896901
vn -0.003561703 -0.9997807 -0.02063955
vn 0.968811 0.001664304 -0.2477951
vn 0.003561492 0.9997807 0.02063954
vn -0.9688106 -0.001664937 0.2477971
vn -0.5996595 0.01865363 -0.8000378
vn -0.003561616 -0.9997807 -0.02063957
vn 0.5098507 0.01594188 -0.8601152
vn 0.003561701 0.9997807 0.02063957
vn -0.5098491 -0.01594662 0.8601161
vn -0.9898841 0.006454786 -0.1417322
vn -0.003563739 -0.9997807 -0.02063961
vn 0.1418344 0.01993038 -0.9896898
vn 0.003563641 0.9997807 0.0206397
vn -0.1418346 -0.01993856 0.9896895
vn -0.989884 0.006454322 -0.1417322
vn -0.003561932 -0.9997807 -0.02063915
vn -0.2477727 0.02088075 -0.9685931
vn 0.003562259 0.9997807 0.02063924
vn 0.2477704 -0.02088783 0.9685936
vn -0.8002431 -0.009524233 0.5996001
vn -0.003561498 -0.9997807 -0.0206395
vn -0.8602565 0.01359047 -0.5096805
vn 0.003561912 0.9997807 0.02063988
vn 0.8602566 -0.01359497 0.50968
vn -0.1418262 -0.01992365 0.9896911
vn -0.003561822 -0.9997808 -0.02063694
vn -0.9898849 0.006458499 -0.1417261
vn 0.003562823 0.9997807 0.02063708
vn 0.9898849 -0.006461109 0.1417259
vn -0.1418256 -0.01992354 0.9896911
vn 0.003561538 0.9997807 0.02063907
vn 0.989884 -0.006452134 0.1417324
vn -0.003561398 -0.9997807 -0.02064034
vn -0.989884 0.006452172 -0.1417322
vn 0.1418327 0.01992624 -0.9896901
vn -0.1418334 -0.01992604 0.9896899
vn -0.003561656 -0.9997807 -0.02063973
vn 0.968811 0.001664426 -0.2477951
vn 0.003561445 0.9997807 0.02063972
vn -0.9688106 -0.001665059 0.2477971
vn -0.5996595 0.01865375 -0.8000378
vn -0.003561568 -0.9997807 -0.02063975
vn 0.5098508 0.0159421 -0.8601152
vn 0.003561654 0.9997807 0.02063975
vn -0.5098491 -0.01594684 0.860116
vn -0.989884 0.006454744 -0.1417322
vn -0.003563691 -0.9997807 -0.02063979
vn 0.1418345 0.01993059 -0.9896898
vn 0.003563593 0.9997807 0.02063988
vn -0.1418347 -0.01993878 0.9896896
vn -0.989884 0.00645428 -0.1417322
vn -0.003561884 -0.9997807 -0.02063933
vn -0.2477727 0.02088094 -0.9685932
vn 0.003562212 0.9997807 0.02063942
vn 0.2477704 -0.02088802 0.9685936
vn -0.8002432 -0.009524415 0.5996
vn -0.00356145 -0.9997807 -0.02063968
vn -0.8602564 0.01359051 -0.5096805
vn 0.003561865 0.9997807 0.02064006
vn 0.8602566 -0.01359501 0.50968
vn -0.1418262 -0.01992386 0.989691
vn -0.003561775 -0.9997807 -0.02063712
vn -0.9898849 0.006458457 -0.1417261
vn 0.003562777 0.9997807 0.02063726
vn 0.9898849 -0.006461067 0.1417259
vn -0.1418257 -0.01992376 0.9896912
vn 0.00355117 0.9978546 0.06537291
vn 0.9944811 -0.01037855 0.1044009
vn -0.00355079 -0.9978544 -0.06537651
vn -0.9944811 0.0103775 -0.104401
vn 0.104853 0.06464149 -0.9923847
vn -0.1048528 -0.06464166 0.9923847
vn -0.003551256 -0.9978546 -0.0653729
vn 0.9589068 0.01514867 -0.2833167
vn 0.003551045 0.9978547 0.06537289
vn -0.9589062 -0.01514939 0.2833186
vn -0.629059 0.0530487 -0.7755454
vn -0.003551169 -0.9978546 -0.06537292
vn 0.4774453 0.05575098 -0.876891
vn 0.003551254 0.9978546 0.06537291
vn -0.4774436 -0.05575576 0.8768916
vn -0.9944813 0.01038119 -0.1043999
vn -0.003553292 -0.9978546 -0.06537288
vn 0.1048547 0.06464583 -0.9923842
vn 0.003553197 0.9978546 0.06537297
vn -0.104855 -0.064654 0.9923837
vn -0.9944813 0.01038073 -0.1043999
vn -0.003551469 -0.9978547 -0.0653725
vn -0.2836968 0.06369505 -0.9567963
vn 0.0035518 0.9978546 0.06537256
vn 0.2836946 -0.06370214 0.9567965
vn -0.7773452 -0.0383666 0.6279033
vn -0.003551049 -0.9978546 -0.06537285
vn -0.8786552 0.03432982 -0.4762211
vn 0.003551477 0.9978546 0.06537321
vn 0.8786554 -0.03433429 0.4762204
vn -0.1048465 -0.06463914 0.9923855
vn -0.003551731 -0.9978547 -0.06537122
vn -0.9944818 0.01038288 -0.1043947
vn 0.003550906 0.9978547 0.0653718
vn 0.9944819 -0.01038325 0.104394
vn -0.104846 -0.06464017 0.9923855
vn 0.003551459 0.9978548 0.06537071
vn 0.9944811 -0.01037864 0.1044011
vn -0.00355104 -0.9978545 -0.06537427
vn -0.9944811 0.01037763 -0.1044012
vn 0.1048531 0.06464135 -0.9923847
vn -0.1048529 -0.06464135 0.9923847
vn -0.003551324 -0.9978546 -0.06537277
vn 0.9589068 0.01514858 -0.2833166
vn 0.003551113 0.9978547 0.06537277
vn -0.9589062 -0.0151493 0.2833185
vn -0.6290588 0.05304863 -0.7755455
vn -0.003551238 -0.9978546 -0.06537279
vn 0.4774454 0.05575084 -0.876891
vn 0.003551323 0.9978546 0.06537279
vn -0.4774437 -0.05575562 0.8768916
vn -0.9944813 0.01038123 -0.1044
vn -0.00355336 -0.9978546 -0.06537276
vn 0.1048549 0.06464569 -0.9923842
vn 0.003553266 0.9978546 0.06537285
vn -0.1048551 -0.06465386 0.9923837
vn -0.9944812 0.01038077 -0.1044
vn -0.003551538 -0.9978547 -0.06537237
vn -0.2836967 0.06369492 -0.9567963
vn 0.003551868 0.9978547 0.06537244
vn 0.2836944 -0.06370203 0.9567965
vn -0.7773452 -0.03836647 0.6279032
vn -0.003551117 -0.9978546 -0.06537274
vn -0.8786551 0.0343298 -0.4762212
vn 0.003551545 0.9978546 0.06537309
vn 0.8786554 -0.03433428 0.4762205
vn -0.1048466 -0.064639 0.9923855
vn -0.003551555 -0.9978548 -0.06536939
vn -0.9944817 0.01038427 -0.1043949
vn 0.003551378 0.9978548 0.06536986
vn 0.9944818 -0.01038401 0.104394
vn -0.1048461 -0.06463989 0.9923855
vn 0.002177706 0.9982508 0.05908097
vn 0.9963146 -0.007232245 0.08546919
vn -0.002177438 -0.9982506 -0.05908456
vn -0.9963147 0.007231059 -0.08546842
vn 0.08574481 0.05867822 -0.9945877
vn -0.08574618 -0.05867802 0.9945876
vn -0.002177824 -0.9982508 -0.05908205
vn 0.9532883 0.01577376 -0.3016501
vn 0.002177613 0.9982508 0.05908205
vn -0.9532876 -0.01577447 0.301652
vn -0.6438668 0.04660701 -0.7637168
vn -0.002177738 -0.9982508 -0.05908208
vn 0.4604933 0.05144583 -0.8861712
vn 0.002177823 0.9982508 0.05908207
vn -0.4604916 -0.0514506 0.8861718
vn -0.9963146 0.007234534 -0.08546863
vn -0.002179859 -0.9982508 -0.059082
vn 0.08574657 0.05868257 -0.9945873
vn 0.002179767 0.9982507 0.05908208
vn -0.08574683 -0.05869074 0.9945868
vn -0.9963146 0.007234069 -0.08546862
vn -0.002178029 -0.9982508 -0.05908164
vn -0.3020521 0.05698153 -0.951587
vn 0.002178361 0.9982508 0.05908171
vn 0.3020498 -0.05698864 0.9515873
vn -0.76513 -0.03637493 0.6428475
vn -0.002177616 -0.9982508 -0.05908201
vn -0.8876614 0.02914065 -0.459574
vn 0.002178051 0.9982507 0.05908236
vn 0.8876615 -0.02914513 0.4595732
vn -0.0857383 -0.05867586 0.9945884
vn -0.002178061 -0.998251 -0.05907881
vn -0.996315 0.007239343 -0.08546426
vn 0.002178798 0.998251 0.05907959
vn 0.9963151 -0.00723948 0.08546373
vn -0.08573548 -0.0586764 0.9945886
vn -0.02760868 0.9967223 0.07604183
vn 0.9937806 0.01915503 0.1096962
vn 0.02760891 -0.9967222 -0.07604393
vn -0.9937807 -0.0191551 -0.1096958
vn 0.1078779 0.07859928 -0.9910523
vn -0.1078783 -0.07859926 0.9910522
vn 0.02760724 -0.9967222 -0.07604376
vn 0.959417 0.04777739 -0.2779142
vn -0.02760745 0.9967222 0.07604375
vn -0.9594164 -0.04777811 0.2779161
vn -0.6264246 0.04203368 -0.7783478
vn 0.02760733 -0.9967222 -0.07604378
vn 0.4799717 0.07994912 -0.8736334
vn -0.02760724 0.9967222 0.07604378
vn -0.4799699 -0.07995386 0.873634
vn -0.9937807 -0.01915435 -0.1096956
vn 0.02760521 -0.9967223 -0.07604375
vn 0.1078795 0.07860367 -0.9910517
vn -0.0276053 0.9967223 0.07604384
vn -0.1078795 -0.07861184 0.9910511
vn -0.9937807 -0.01915482 -0.1096956
vn 0.02760703 -0.9967223 -0.07604335
vn -0.2806341 0.06528769 -0.9575918
vn -0.0276067 0.9967223 0.07604343
vn 0.2806321 -0.06529486 0.9575919
vn -0.7789888 -0.06912101 0.6232165
vn 0.02760745 -0.9967222 -0.07604371
vn -0.8768504 0.01238394 -0.4806037
vn -0.02760702 0.9967222 0.07604408
vn 0.8768508 -0.0123884 0.4806029
vn -0.1078715 -0.07859675 0.9910532
vn 0.02760859 -0.9967224 -0.07604097
vn -0.9937813 -0.01914915 -0.1096903
vn -0.02760819 0.9967225 0.07604082
vn 0.9937814 0.0191492 0.1096897
vn -0.1078696 -0.07859513 0.9910535
vn 0.001329051 0.9998963 0.01434279
vn 0.9924197 -0.003083078 0.1228559
vn -0.001328727 -0.9998963 -0.01434507
vn -0.9924197 0.00308203 -0.1228563
vn 0.1228864 0.01407335 -0.992321
vn -0.1228892 -0.01407446 0.9923207
vn -0.00133042 -0.9998962 -0.01434545
vn 0.9639032 0.002537484 -0.2662408
vn 0.001330209 0.9998963 0.01434544
vn -0.9639027 -0.002538103 0.2662428
vn -0.6148496 0.01213266 -0.7885511
vn -0.001330333 -0.9998962 -0.01434547
vn 0.493317 0.01182413 -0.8697693
vn 0.001330419 0.9998962 0.01434547
vn -0.4933153 -0.01182887 0.8697701
vn -0.9924197 0.003085404 -0.1228565
vn -0.001332456 -0.9998962 -0.01434547
vn 0.1228881 0.01407771 -0.9923207
vn 0.00133236 0.9998962 0.01434556
vn -0.1228883 -0.0140859 0.9923206
vn -0.9924197 0.00308494 -0.1228564
vn -0.001330641 -0.9998962 -0.01434504
vn -0.2662472 0.01418419 -0.9638004
vn 0.00133097 0.9998962 0.01434513
vn 0.2662449 -0.01419127 0.9638009
vn -0.788639 -0.007768258 0.6148074
vn -0.001330214 -0.9998962 -0.0143454
vn -0.8698495 0.008237854 -0.4932484
vn 0.001330635 0.9998962 0.01434577
vn 0.8698497 -0.008242358 0.4932479
vn -0.1228799 -0.01407095 0.9923218
vn -0.001328773 -0.9998963 -0.01434298
vn -0.9924203 0.003088156 -0.1228513
vn 0.001328683 0.9998963 0.01434267
vn 0.9924203 -0.003090767 0.1228512
vn -0.1228762 -0.01406982 0.9923223
vn 0.001329138 0.9998963 0.01434263
vn 0.9924197 -0.003083194 0.122856
vn -0.001328814 -0.9998962 -0.0143449
vn -0.9924197 0.003084253 -0.1228563
vn 0.1228864 0.01407324 -0.992321
vn -0.1228892 -0.01407434 0.9923206
vn -0.001330626 -0.9998962 -0.01434536
vn 0.9639032 0.002537257 -0.2662408
vn 0.001330415 0.9998963 0.01434535
vn -0.9639027 -0.002537876 0.2662428
vn -0.6148496 0.01213272 -0.7885511
vn -0.001330538 -0.9998962 -0.01434538
vn 0.493317 0.01182395 -0.8697693
vn 0.001330624 0.9998962 0.01434537
vn -0.4933154 -0.01182869 0.8697701
vn -0.9924197 0.003085604 -0.1228565
vn -0.001332662 -0.9998962 -0.01434538
vn 0.1228881 0.0140776 -0.9923207
vn 0.001332565 0.9998962 0.01434547
vn -0.1228884 -0.01408579 0.9923205
vn -0.9924197 0.00308514 -0.1228565
vn -0.001330846 -0.9998962 -0.01434495
vn -0.2662472 0.01418416 -0.9638004
vn 0.001331175 0.9998962 0.01434503
vn 0.2662449 -0.01419125 0.963801
vn -0.7886391 -0.007768038 0.6148074
vn -0.001330419 -0.9998962 -0.01434531
vn -0.8698495 0.008237996 -0.4932484
vn 0.001330841 0.9998962 0.01434568
vn 0.8698497 -0.008242499 0.493248
vn -0.1228799 -0.01407084 0.9923218
vn -0.01637679 -0.999864 -0.001976656
vn -0.9882599 0.01747372 -0.1517801
vn 0.01636586 0.999864 0.002066345
vn 0.9882386 -0.01747954 0.1519176
vn -0.1056691 -0.03315831 0.9938484
vn 0.9972797 0.01280332 0.07258994
vn -0.9972797 -0.0128033 -0.07258994
vn 0.01442665 -0.999657 -0.02185564
vn -0.01442482 0.9996571 0.02185611
vn 0.07228512 0.02284356 -0.9971224
vn -0.0722852 -0.02284357 0.9971224
vt 0.01260218 0.07058468
vt 0.01333777 0.06990726
vt 0.0594021 0.119928
vt 0.0586665 0.1206055
vt -0.01260217 0.07058467
vt -0.0586665 0.1206055
vt -0.0594021 0.119928
vt -0.01333777 0.06990726
vt -0.04676001 -0.009992219
vt -0.04840095 -0.01364014
vt -0.04748897 -0.01405037
vt -0.04584803 -0.01040245
vt 0.04676009 -0.009992279
vt 0.04584811 -0.01040251
vt 0.04748905 -0.01405043
vt 0.04840102 -0.0136402
vt -0.0667434 0.001111164
vt -0.1278438 0.03095646
vt -0.1295994 0.02736232
vt -0.06849899 -0.002482982
vt 0.0667434 0.001111159
vt 0.068499 -0.002482984
vt 0.1295994 0.02736232
vt 0.1278438 0.03095646
vt 0.05128343 -0.01084613
vt 0.05096062 -0.01021701
vt 0.0476267 -0.01192767
vt 0.04794951 -0.01255679
vt 0.06143589 0.1167817
vt 0.06092979 0.1162878
vt 0.06354679 0.1136059
vt 0.06405288 0.1140997
vt -0.05096077 -0.01021691
vt -0.05128358 -0.01084604
vt -0.04794966 -0.01255669
vt -0.04762685 -0.01192757
vt -0.06092977 0.1162879
vt -0.06143585 0.1167817
vt -0.06405286 0.1140998
vt -0.06354677 0.1136059
vt -0.1264162 0.02632061
vt -0.1260996 0.02695288
vt -0.1267319 0.02726946
vt -0.1270484 0.02663718
vt 0.1270485 0.02663719
vt 0.1267319 0.02726946
vt 0.1260996 0.02695289
vt 0.1264162 0.02632061
vt -0.05128352 -0.0108461
vt -0.05096071 -0.01021698
vt -0.05230922 -0.01010699
vt -0.05209263 -0.01078011
vt -0.02674239 0.131764
vt -0.02661545 0.1324596
vt -0.02794647 0.1327025
vt -0.0280734 0.1320069
vt 0.0509607 -0.01021695
vt 0.05128351 -0.01084608
vt 0.05209262 -0.01078009
vt 0.05230922 -0.01010697
vt 0.02688224 0.1325081
vt 0.02700916 0.1318125
vt 0.02780778 0.1319582
vt 0.02768085 0.1326538
vt -0.1106424 0.058064
vt -0.1103426 0.05870444
vt -0.1109831 0.05900415
vt -0.1112828 0.05836369
vt -0.05209263 -0.0107801
vt -0.05230923 -0.01010698
vt -0.0535468 -0.01115791
vt -0.05291768 -0.01148072
vt -0.1291389 0.0325301
vt -0.1297214 0.03293098
vt -0.1306418 0.03159351
vt -0.1300593 0.03119263
vt 0.05230923 -0.01010699
vt 0.05209263 -0.01078011
vt 0.05291768 -0.01148073
vt 0.0535468 -0.01115792
vt 0.1298748 0.03270741
vt 0.1292923 0.03230654
vt 0.1299059 0.03141489
vt 0.1304884 0.03181576
vt -0.06011633 0.1171212
vt -0.05962249 0.1176273
vt -0.06012858 0.1181211
vt -0.06062241 0.117615
vt -0.05291778 -0.01148095
vt -0.0535469 -0.01115814
vt -0.0587353 -0.02126986
vt -0.05810618 -0.02159267
vt -0.1270029 0.02514831
vt -0.1276351 0.02546488
vt -0.1327234 0.01530239
vt -0.1320911 0.01498582
vt 0.05354691 -0.01115813
vt 0.05291778 -0.01148094
vt 0.05810618 -0.02159266
vt 0.05873531 -0.02126984
vt 0.1276349 0.0254643
vt 0.1270026 0.02514773
vt 0.1320908 0.01498522
vt 0.1327231 0.01530179
vt -0.06011639 0.1171212
vt -0.05962256 0.1176273
vt -0.06012863 0.1181211
vt -0.06062248 0.117615
vt -0.05810604 -0.0215925
vt -0.05873516 -0.02126969
vt -0.05882316 -0.02234851
vt -0.05815003 -0.02213191
vt -0.1245569 0.02722024
vt -0.1252024 0.02750877
vt -0.1256441 0.02652058
vt -0.1249986 0.02623205
vt 0.05873519 -0.02126972
vt 0.05810606 -0.02159253
vt 0.05815006 -0.02213193
vt 0.05882318 -0.02234853
vt 0.1253126 0.02726138
vt 0.124667 0.02697285
vt 0.1248878 0.02647876
vt 0.1255334 0.02676729
vt 0.1219229 0.06764774
vt 0.1225055 0.06724709
vt 0.1229061 0.06782974
vt 0.1223235 0.06823039
vt -0.05815006 -0.02213183
vt -0.05882319 -0.02234844
vt -0.05742193 -0.02399854
vt -0.05709913 -0.02336941
vt -0.09715183 0.08114749
vt -0.09776231 0.08150427
vt -0.09885461 0.07963526
vt -0.09824412 0.07927847
vt 0.05882325 -0.02234846
vt 0.05815012 -0.02213186
vt 0.05709919 -0.02336943
vt 0.057422 -0.02399857
vt 0.09789837 0.08127084
vt 0.09728788 0.08091405
vt 0.09810711 0.0795123
vt 0.09871759 0.07986908
vt 0.1325932 0.01398372
vt 0.1329098 0.01335143
vt 0.1335421 0.01366801
vt 0.1332255 0.01430029
vt -0.05709882 -0.02336961
vt -0.05742162 -0.02399874
vt -0.05356948 -0.02597528
vt -0.05324668 -0.02534614
vt -0.0613071 0.1159001
vt -0.06181318 0.1163939
vt -0.064837 0.1132952
vt -0.06433092 0.1128013
vt 0.05742168 -0.02399884
vt 0.05709887 -0.02336971
vt 0.05324673 -0.02534624
vt 0.05356954 -0.02597537
vt 0.06181277 0.116394
vt 0.0613067 0.1159001
vt 0.06433052 0.1128014
vt 0.06483661 0.1132953
vt 0.1325932 0.01398371
vt 0.1329098 0.01335142
vt 0.1335421 0.013668
vt 0.1332255 0.01430029
vt 0.05557824 -0.008448659
vt 0.05526745 -0.007813516
vt 0.05190163 -0.009460518
vt 0.05221242 -0.01009566
vt 0.04407848 0.107355
vt 0.04357167 0.1068619
vt 0.04618471 0.1041761
vt 0.04669153 0.1046693
vt -0.05526758 -0.007813434
vt -0.05557837 -0.008448578
vt -0.05221255 -0.01009558
vt -0.05190176 -0.009460436
vt -0.04357164 0.1068619
vt -0.04407845 0.107355
vt -0.0466915 0.1046693
vt -0.04618468 0.1041762
vt -0.1092428 0.01654807
vt -0.1089388 0.01718652
vt -0.1095773 0.01749047
vt -0.1098812 0.01685202
vt 0.1098812 0.01685202
vt 0.1095773 0.01749047
vt 0.1089388 0.01718652
vt 0.1092428 0.01654807
vt -0.05557832 -0.008448638
vt -0.05526752 -0.007813494
vt -0.05661789 -0.007729155
vt -0.05638854 -0.008398034
vt -0.03884742 0.1125288
vt -0.03874543 0.1132286
vt -0.04008427 0.1134237
vt -0.04018626 0.112724
vt 0.05526751 -0.007813472
vt 0.05557831 -0.008448616
vt 0.05638853 -0.008398017
vt 0.05661787 -0.007729133
vt 0.03901372 0.1132674
vt 0.03911571 0.1125677
vt 0.03991902 0.1126848
vt 0.03981703 0.1133845
vt -0.09209786 0.05298796
vt -0.09180658 0.05363228
vt -0.0924509 0.05392357
vt -0.09274218 0.05327923
vt -0.05638853 -0.008398023
vt -0.05661788 -0.007729144
vt -0.05783527 -0.008803396
vt -0.05720013 -0.009114195
vt -0.1146332 0.01745125
vt -0.115227 0.01783507
vt -0.1161083 0.01647148
vt -0.1155145 0.01608766
vt 0.05661789 -0.007729153
vt 0.05638854 -0.008398036
vt 0.05720013 -0.009114204
vt 0.05783527 -0.008803408
vt 0.1153738 0.01760723
vt 0.11478 0.01722341
vt 0.1153675 0.01631435
vt 0.1159614 0.01669817
vt -0.04275944 0.1076964
vt -0.04226635 0.1082033
vt -0.04277315 0.1086963
vt -0.04326625 0.1081895
vt -0.05720021 -0.009114387
vt -0.05783535 -0.008803589
vt -0.06283068 -0.01901206
vt -0.06219554 -0.01932286
vt -0.109806 0.01536435
vt -0.1104445 0.0156683
vt -0.1153298 0.005406737
vt -0.1146914 0.005102789
vt 0.05783536 -0.008803582
vt 0.0572002 -0.009114378
vt 0.06219554 -0.01932285
vt 0.06283069 -0.01901206
vt 0.1104442 0.01566778
vt 0.1098057 0.01536382
vt 0.1146911 0.005102247
vt 0.1153295 0.005406196
vt -0.0427595 0.1076964
vt -0.0422664 0.1082033
vt -0.04277322 0.1086963
vt -0.04326632 0.1081895
vt -0.06219543 -0.01932272
vt -0.06283057 -0.01901193
vt -0.06289804 -0.02009223
vt -0.06222916 -0.01986287
vt -0.1062174 0.02060578
vt -0.1068673 0.02088426
vt -0.1072936 0.01988934
vt -0.1066437 0.01961086
vt 0.06283058 -0.01901195
vt 0.06219544 -0.01932275
vt 0.06222918 -0.01986289
vt 0.06289805 -0.02009225
vt 0.1069736 0.0206352
vt 0.1063236 0.02035672
vt 0.1065368 0.01985926
vt 0.1071867 0.02013775
vt 0.1159389 0.04478809
vt 0.1165022 0.04436076
vt 0.1169296 0.04492415
vt 0.1163662 0.04535147
vt -0.06222919 -0.01986281
vt -0.06289806 -0.02009216
vt -0.06146572 -0.02171535
vt -0.06115492 -0.02108019
vt -0.07870501 0.07545319
vt -0.07931924 0.0758035
vt -0.08039171 0.07392304
vt -0.07977749 0.07357273
vt 0.06289811 -0.02009218
vt 0.06222923 -0.01986282
vt 0.06115498 -0.0210802
vt 0.06146578 -0.02171536
vt 0.07945282 0.0755686
vt 0.07883859 0.07521829
vt 0.07964294 0.07380794
vt 0.08025717 0.07415826
vt 0.1151735 0.004090958
vt 0.1154775 0.003452507
vt 0.1161159 0.003756461
vt 0.1158119 0.004394914
vt -0.06115466 -0.02108037
vt -0.06146545 -0.02171553
vt -0.05757646 -0.0236185
vt -0.05726566 -0.02298335
vt -0.04394845 0.1064734
vt -0.04445526 0.1069665
vt -0.04747451 0.1038633
vt -0.04696771 0.1033702
vt 0.06146549 -0.02171561
vt 0.0611547 -0.02108045
vt 0.0572657 -0.02298343
vt 0.0575765 -0.02361858
vt 0.04445487 0.1069666
vt 0.04394806 0.1064735
vt 0.04696732 0.1033703
vt 0.04747413 0.1038634
vt 0.1151735 0.004090968
vt 0.1154775 0.003452515
vt 0.1161159 0.003756468
vt 0.1158119 0.004394924
vt 0.05128344 -0.01084611
vt 0.05096063 -0.01021699
vt 0.04762671 -0.01192765
vt 0.04794952 -0.01255677
vt 0.0573872 0.112831
vt 0.05688112 0.1123371
vt 0.05949811 0.1096552
vt 0.0600042 0.1101491
vt -0.05096078 -0.0102169
vt -0.05128358 -0.01084602
vt -0.04794966 -0.01255668
vt -0.04762686 -0.01192756
vt -0.05688109 0.1123372
vt -0.05738717 0.112831
vt -0.06000417 0.1101491
vt -0.05949809 0.1096552
vt -0.1213579 0.02378801
vt -0.1210413 0.02442028
vt -0.1216736 0.02473686
vt -0.1219902 0.02410458
vt 0.1219902 0.02410458
vt 0.1216736 0.02473686
vt 0.1210414 0.02442029
vt 0.1213579 0.02378801
vt -0.05128352 -0.01084608
vt -0.05096071 -0.01021696
vt -0.05230923 -0.01010698
vt -0.05209263 -0.0107801
vt -0.02775789 0.126199
vt -0.02763095 0.1268947
vt -0.02896196 0.1271375
vt -0.0290889 0.1264419
vt 0.05096071 -0.01021694
vt 0.05128351 -0.01084607
vt 0.05209262 -0.01078008
vt 0.05230922 -0.01010696
vt 0.02789772 0.1269431
vt 0.02802465 0.1262475
vt 0.02882326 0.1263932
vt 0.02869632 0.1270889
vt -0.1055188 0.05566635
vt -0.1052191 0.0563068
vt -0.1058595 0.05660651
vt -0.1061592 0.05596605
vt -0.05209263 -0.01078009
vt -0.05230923 -0.01010697
vt -0.0535468 -0.0111579
vt -0.05291768 -0.01148071
vt -0.1244789 0.02932309
vt -0.1250614 0.02972396
vt -0.1259819 0.02838649
vt -0.1253994 0.02798562
vt 0.05230923 -0.01010698
vt 0.05209263 -0.0107801
vt 0.05291768 -0.01148072
vt 0.0535468 -0.01115791
vt 0.1252148 0.02950041
vt 0.1246324 0.02909955
vt 0.125246 0.0282079
vt 0.1258285 0.02860877
vt -0.05606767 0.1131705
vt -0.05557383 0.1136766
vt -0.05607991 0.1141704
vt -0.05657376 0.1136643
vt -0.05291777 -0.01148093
vt -0.0535469 -0.01115812
vt -0.0587353 -0.02126983
vt -0.05810618 -0.02159264
vt -0.1219446 0.02261571
vt -0.1225769 0.02293228
vt -0.1276651 0.01276979
